1041877
1055207
1103121
1103956
1110632
1122438
1140958
1150760
1155087
1159198
1184339
1187250
1195491
1198663
1198851
1200030
1208763
1209494
1210795
1226078
1230888
1239943
1254630
1359595
1449694
1456909
1460091
1471914
1483266
1505400
1535273
1563104
1617906
1650387
1701712
1709034
1717878
1718480
1776669
1778876
1781192
1784865
1825184
1831627
1833131
1852017
1880992
1953990
196131
196992
1974002
1974457
2019278
2063621
2063622
211589
239649
249901
299018
376853
525911
551655
649972
65017
666856
676204
676747
682070
712938
724952
738088
738301
768492
770023
772970
802426
805280
806162
849468
850003
860678
864822
869338
892857
906200
934227
949794
960210
971322
988787
994548
