1000819
1001511
1001809
1002828
1003316
1003921
1003949
1005101
1005844
100705
1007088
1007614
1008305
1008439
1009125
1010278
1011141
1011183
1011520
1012840
1012984
1015442
1015699
1016020
1017340
101842
1018756
1019314
1019894
1020826
1021135
1021801
1022023
1022047
1022259
1022387
1022543
1023978
1024321
1024579
1025098
1025575
1026341
1026375
1026422
1026737
1029067
1029539
1030307
1030872
1033071
1033248
1033508
1033692
1033734
1033849
1033868
1033949
1033995
1035225
1035264
1035333
1035676
1035717
1035998
1037508
1037551
1038864
1039259
1039772
1039989
1040283
1040725
1041175
1042061
1042161
1043701
1043806
1044552
1044918
1045158
1045210
1046084
1047517
1047559
1047854
1048829
1051782
1052204
1052657
1052765
1053092
1053708
1054464
1054574
1055190
1055469
105561
1056165
1056283
1057868
1058025
1058219
1058892
1059984
1060169
1062317
1062575
1063111
1063482
1064511
1064665
1065142
1066444
1068179
1068279
1071369
1072728
1073900
1073975
1074691
1075472
1075682
1076085
1076716
1076926
1077381
1079956
1080092
1080589
1081368
1081862
1082272
1082829
1082872
1083675
1085797
1086832
1087465
1087632
1087797
1087915
1088448
1090347
1092118
1094280
1095276
1095410
1096074
1096253
1096262
1096987
1097938
1099222
1099606
1100297
1103655
1104471
1104695
1105284
1105860
1105994
1107650
1107934
1109042
1109179
1109888
1111392
1111552
1112673
1113107
1113246
1113545
1113788
1113968
1114984
1115592
1116072
1116408
1117337
1117835
1117846
1119643
1119937
1120322
1120554
1120885
1121054
1121875
1122084
1122150
1122449
1123467
1124747
1125952
1126605
1127130
1127869
112814
1128439
1129541
1131231
1131503
1131669
1134528
1134627
1135273
1135593
1138230
1138815
1139005
1139820
1139929
1142199
1142342
1142743
1143163
1143202
1144067
1144099
1146036
1146294
1146915
1147746
1149242
1149807
1149846
1150923
1153521
1153605
1153683
1154681
1154697
1155260
1155444
1157043
1157722
1158027
1159484
1159885
1162032
1164495
1164676
1165713
1166437
1166443
1166586
1167268
1168991
1169014
1169485
1169502
1169559
1169701
1170541
1170837
1172093
1172841
1173735
1173739
1175139
1175154
1175975
1176271
1176316
1176376
1179075
117949
1180334
1181140
1181267
1181318
1181519
1181723
1182168
1182441
1183042
1183864
118398
1184005
1184141
1185180
118598
1187946
1188007
118910
1189190
1189276
1190757
1192661
1192706
1192735
1192792
1193428
1194000
1194285
1194647
1194777
1195326
1198165
1199201
1199210
1199316
1200396
1200817
1200842
1201096
1201393
1201879
1203257
1203292
1204344
1204379
1204922
1205316
1205611
1206522
1208213
1208343
1208809
1210131
121066
1210724
1211473
1212208
1212531
1214034
1215688
1215867
1217701
1217758
1219025
1219114
1219405
1219717
1221330
1221668
1221997
1222737
1223015
1223318
1224832
1225197
1225561
1225932
1226568
1226571
1226778
1228108
1228954
1229111
1230121
1230487
1231229
1231501
1232279
1232802
1233474
1233840
1233992
1235436
1235929
1236654
1236964
1237756
1239147
1239366
1240350
1240676
1240720
1242385
1244687
124693
1248299
1251647
1251652
1252623
1252636
1252669
1254111
1255842
1256961
1257172
1258703
1259032
1259034
1259212
1259482
1260598
1261536
1262248
1262714
1263259
1263545
1263836
1264020
1265413
1265480
1267989
1268061
1268816
1269071
1270363
1270995
1271241
1272082
1273139
1275318
1275871
1277343
1277787
1278302
1278637
1278849
1279605
1279792
1282052
1283297
1283556
1284022
128568
1285925
128663
1290413
1291608
1292162
1293007
1293863
1295591
1296276
1297358
1299370
1300005
1301194
1301513
1301952
1302637
1303735
1304134
1305330
1305456
1305615
1307128
1308504
1309585
1310316
1311207
1314952
1315610
1315862
1317913
1318760
1319497
1320431
1320787
1322024
1322899
1324875
1325244
1325360
1325592
1325624
1326775
1329597
1329814
1329922
1330769
1330830
1331075
1332414
1332415
1333027
1335188
1336010
1340415
1340497
1340529
1340586
1340852
1341020
1342467
1342609
1343474
1343683
1344745
1346012
1348605
1350803
1350964
1351798
1352985
1353635
1355260
1355767
1355821
1355839
1356486
1357461
1357707
1358209
1358427
1361751
1364174
1364354
1364945
1365687
1366183
1366321
1367640
1369128
1369881
1369974
1374456
1374913
1375287
1378102
1381120
1381165
1381874
1382888
1383121
1383214
1383447
1384427
1385766
1385935
1389180
1430181
1430204
1431556
1432107
1433827
1434075
1444933
1445931
1446127
1448977
1449592
1449938
1454046
1455014
1456364
1457421
1457688
1457899
1458360
1461700
1462672
1464250
1467027
1467141
1467356
1467705
1469464
1470259
1474806
1475783
1476614
1477430
1478103
1479836
1480566
1480804
1483304
1501044
1507778
1511425
1512589
1515861
1517187
1534979
1535369
1536897
1537437
1561646
1563511
1566742
1568536
1589777
1592400
1593246
1593646
1593729
1596133
1596184
1596877
1619399
1620612
1620631
162118
1622197
1622801
1623202
1632340
1634394
1649094
1678867
1679936
1680744
1681300
1681429
1682555
1684500
1684986
1687406
1691207
1694105
1694290
1695413
169671
1696916
1697458
170039
1701677
1702255
1702778
1705163
1708253
1709080
1710248
1714169
1715316
1716781
1716956
1728331
1730560
1731704
1731924
1733875
1741449
1742627
1744247
1745718
1747407
1753749
1763444
1764064
1774171
1781513
1783220
1783322
1785358
1786427
1787242
1792763
1792795
1797046
1800262
1804094
1804841
1805229
1806527
180879
1809409
1814771
1817293
1819743
1820242
1821101
1829173
1832132
1832209
1836350
1836352
1836911
1838018
1840725
1841808
1843382
1844107
1844713
1846325
1846333
1847624
1848430
1851417
1852101
1852962
1862780
1863091
1863124
1864836
1864982
1865703
1865932
1866918
1871517
1873500
1874411
1877564
1879590
1880117
1880271
1880273
1880325
1880839
1882308
1883194
1884776
1888500
1891746
1891887
1896785
1897642
1898033
1898625
1899462
1899878
1900464
1901291
1902775
1904274
1904520
1908287
1908374
1910083
1911295
1911774
1913163
1914876
1916176
1923362
1924598
1925157
1927007
1929342
1930376
1934156
193526
1940438
1940709
1947819
1949180
1952477
1954397
1957287
1961420
1963805
1968382
1968659
1974910
1975623
1976475
1977061
1978578
1980654
1983414
198382
1986697
1995783
1998027
1999482
2001580
200225
2002389
2002576
2005215
2006577
2007182
2008151
2008280
2009403
2009756
2013561
2020168
2026156
2027258
2028655
2028937
2032185
2036394
2038090
2041016
2041024
2043162
2043396
2045709
2048840
2053483
2053656
2055511
2056835
2059666
2064070
2065490
2067301
2072444
2073463
2074420
2078235
2080059
2080967
2081549
2081928
2083282
2083599
2084405
2086175
2088760
2089117
2089916
2091242
2099024
2100248
210095
226490
23884
279729
280421
285645
286664
290864
299788
300266
300898
304727
306426
311769
336742
360246
367685
367695
390288
399899
403111
427306
444857
453134
45373
460648
468237
471365
474599
478819
483375
488021
489958
491322
498036
502755
502774
506081
509294
510931
512147
525206
525611
527421
529473
536150
537746
539031
542065
548706
549967
551747
551903
552804
553752
553811
555323
557767
560142
567304
569264
572988
573903
577827
584357
585607
588086
588661
588879
590427
596314
597317
597662
601159
608292
611764
618119
618705
633639
634464
637784
638052
638308
639886
640126
640247
640340
640459
642456
643476
644150
644275
644483
644541
645070
645100
645425
645447
645458
646820
647926
648062
64863
649035
649116
649211
650132
650406
650938
651123
651433
652055
652746
653943
653947
654046
654069
654189
655376
655408
655576
655678
655712
655868
656163
656404
656828
657175
657191
657552
657789
658015
658816
659277
659573
659793
659965
660006
660253
660314
660705
660819
660897
661143
664537
664689
664934
666619
667224
667290
667310
667442
667703
668110
668651
668799
669530
669558
669598
669703
671064
671268
671391
671917
672328
672338
672535
672567
672588
672775
672951
673027
673186
673203
673620
674239
674451
674556
674744
674896
674911
675861
675947
676722
678297
678792
678815
679192
679381
679631
679771
680651
680934
680943
681269
681332
681380
681576
681642
681680
681773
681979
682107
682651
682845
683051
683222
683579
683746
683813
683888
684145
684179
686011
692493
692804
692975
693378
693772
694451
69496
695825
696177
696570
697020
697108
697198
697203
697206
697686
698474
69883
699558
700516
700996
701148
701549
701735
701851
701877
701938
702489
703046
703228
703247
704267
704329
704358
704779
705205
705264
706042
707299
708309
708763
709710
710056
71110
71159
711692
711967
712271
712299
712491
713397
714234
71649
716502
716628
716745
716751
716757
716780
717566
717908
718106
718711
718840
719272
72061
720989
721193
721660
721908
722040
722100
722125
722224
722531
723141
723757
724476
724736
724817
725321
725574
726034
726480
727035
727404
727829
728076
728497
728686
728951
729263
729598
729648
729974
730163
730385
730810
730932
732749
733057
733234
733610
733787
734297
734857
735290
735342
735909
736218
736279
736620
736989
737052
737107
737141
737715
738427
739595
739657
739789
740235
741240
741337
741464
741757
741873
742212
742239
742880
743315
743860
743888
744609
745541
747694
747700
747918
750208
751674
752892
752945
753044
754063
758278
765611
765692
765791
767164
767257
768319
768332
769240
769780
770817
771224
771381
771924
772947
773018
773307
774002
774043
778716
778939
779897
781108
781258
784747
78559
785594
786655
786875
788524
790332
790414
791384
792618
793435
793894
793955
794095
794116
794232
794961
796339
796667
797147
797358
798117
799738
799884
800824
801523
801828
801910
802016
802625
802639
803636
803680
804984
805696
806184
806568
806875
807008
808213
808257
809272
810262
810971
811052
812135
812286
812397
813526
814400
814596
816349
816846
816970
817676
818406
819093
820661
823713
824059
824493
824959
825802
825840
826783
826938
827178
828474
828919
829204
829707
829769
831024
831283
832722
832858
833475
834102
835476
835732
836656
836757
838351
838557
838594
838723
839381
840170
840275
840823
840999
841120
841670
844124
844821
847080
848433
849329
849506
849738
850221
850596
853450
854433
854471
856442
857878
859274
860064
860138
860245
860532
860921
861534
862861
863109
863576
863934
864092
865087
866333
866553
866709
866871
867530
867569
868267
869022
869347
869402
869578
870106
871046
872050
873771
873875
873921
874653
874662
874764
875098
875790
877932
878032
878050
878328
882749
883133
883380
885049
885251
887076
889233
890226
890370
890513
890664
891406
891829
892323
892695
892884
896322
896684
897062
897230
899122
900694
901300
901691
902389
906248
906636
906883
908800
910493
911796
911845
912124
912339
913887
914195
914486
916642
919179
919711
921570
921689
922242
922879
922921
923225
924563
925406
925514
925934
928084
928227
929861
930332
931313
931603
932866
932995
933118
934851
935898
936348
936967
937627
938805
939849
941066
941124
941208
942128
942163
942314
942433
943592
944591
945266
946778
947796
947892
948156
948308
949095
949531
949622
952300
952388
954080
954915
955335
956638
958440
959108
959773
961504
961950
962294
96396
965054
96784
967921
968371
969190
969406
970164
971774
973639
974384
974701
97494
975259
975619
976897
979166
979174
979767
980106
980269
984821
985102
985379
985909
98833
992103
992266
992721
993606
996317
998425
