1001783
1002423
1005337
1008521
1013839
1014253
1014609
1019940
1024367
1024710
1025533
1027566
1036090
1036677
1036818
1037726
1039239
1043158
1043844
1044706
1047577
1047614
1048493
1049335
1051491
1052988
1053531
1053954
1054273
1054324
1057209
1060297
1064050
1067094
1067296
1071979
1076539
1079524
1083563
1083714
1084784
1085823
1087501
1089421
1090031
1090113
1093382
1093932
1094194
1094671
1094687
1094979
1096313
1096331
1096344
1097167
1098766
1099870
1103174
1103759
1104769
1106705
1107839
1107936
1108655
1109326
1109375
1109479
1110950
1110980
1111751
1112241
1114825
1116333
1119422
1122173
1122860
1124755
1126242
1126407
1126576
1127149
1129214
1129406
1134814
1136709
1136732
1136733
1136825
1137462
1141952
1143737
1144192
1144361
1144630
1145722
114600
1147105
1149135
1150169
1150286
1151500
1153483
1154113
1155084
1156013
1157107
1158089
1159800
1160290
1162827
1163351
1163416
1164903
116599
1167518
1167706
116773
1169148
1169265
1169394
1172142
1172682
1174496
1175956
1178145
1180247
1181521
1181866
1183228
1185640
1186171
1186470
1186886
118724
118734
1187586
1192619
1193354
1193426
1193538
1193844
1194317
1194727
1196352
1197137
1197626
1197719
1197762
1198633
1199272
1199302
120132
1204202
1204416
1204463
1204920
1205161
1205487
1205803
1206694
1206775
1207454
1208109
1208169
1208361
1209165
1209221
1209432
1209974
1211175
1211314
1212225
1212500
1213479
1215303
1215488
1215527
1215660
1219379
1220132
1220408
1220755
1223748
1223971
1225155
1225456
1225934
1226489
1226797
122692
1226957
122701
1227199
1227639
1227845
1228075
1228609
1229434
1229704
1229969
1231008
1231237
1231746
1232170
1232588
1233142
1233626
1233748
1233794
1234463
1234589
1235412
1236181
1236860
1237417
1237492
1237775
1238183
1238231
1238254
1238668
1238987
1239151
1239239
123996
1240368
1241021
1241794
1242009
1242581
1242782
1242931
1243051
1243407
1243447
1244733
1245792
1247707
1248207
1248264
1248998
1249346
1249547
1249745
1249804
1250099
1250314
1250667
1251086
1251747
1251881
1253091
1253262
1253724
1254347
1254786
1255104
1255249
1255911
1256464
1256581
1257954
1257983
1259176
1259417
1259517
1259714
1259901
1260215
1261104
1261870
1262779
1263191
1263306
126508
1265855
1266945
1267060
1267121
1268591
1269388
1270876
1270965
1271175
1271270
1271621
1271870
1272024
1272130
1272148
1272403
1273558
1273883
1273962
1274104
1274202
1274570
1275489
1275527
1276439
1277368
1277532
1278141
1278178
1278373
1278455
1278702
1278903
1279588
1280216
1281929
1282300
1282390
1282585
1282761
1283767
1284773
1285068
1285454
1288245
1288415
1288608
1289604
1289807
1290120
1291262
1292171
1292513
1292721
1292883
1293583
1294263
1295783
1296047
1296897
129899
1299358
1300113
1300401
1300722
1301263
1302225
1302455
1303085
1304768
1306528
1306829
1306846
1307878
1309388
1310429
1310583
1310746
1310784
1311142
1314997
1315832
1316945
1317035
1317090
1317845
1318372
1318641
1318650
1318815
1321116
1321804
1325516
1325891
1327428
1327698
1328044
1328347
1330237
1330362
1330904
1330959
1330982
1331040
133192
1331950
1332269
1332477
1333108
133328
1333310
1334433
1335248
1335326
1335697
1335848
1336132
1337398
1337565
1337568
1337720
1339939
1340232
1340258
1340291
1340758
1340823
1340895
1340897
1341972
1342206
1342441
1342660
1343940
1344117
1346758
1346880
1347753
1348675
1349013
1349267
1349292
1349323
1349908
135077
1351386
1351444
1352272
1352281
1353128
1353385
1353800
1353958
1354222
1354959
1355403
1355773
1357062
1358126
1358691
1358694
1359791
1360222
1360916
1361900
1363284
1363365
1364026
1364974
1365015
1365107
1365147
1365185
1365195
1365240
1366952
1367138
1367148
1368457
1368537
1368682
1368807
1369269
1369372
1369667
1369681
1370010
1386764
1387075
1387673
1430165
1430498
1431130
1431295
1431447
1431511
1431891
1432087
1433832
1445601
1445675
1446432
1446764
1446893
1447613
1448055
1448587
1448629
1449016
1449428
1453401
1453444
1454753
1454803
1454937
1456256
1456642
1456690
1457904
1459644
1460096
1460703
1460816
1461363
1461661
1463176
1463424
1464248
1464371
1464410
1465347
1467265
1468077
1469500
1471063
1471232
1471374
1471983
1472070
1472548
1472898
1474991
1475649
1478216
1479428
1479609
1479666
1480133
1480164
1481823
1481907
1483201
1483669
1492615
1501824
1501880
1502182
1502863
1506304
1506672
1507099
1507582
1511548
1511944
1512672
1515732
1516252
1516934
1516945
1517235
1518493
1534059
1534295
1534521
1535780
1535795
1536215
1536812
1536833
1536869
1537753
1538608
1538897
1539275
1540222
1540836
1541063
1541181
1541396
1562015
1563265
1563736
1563866
156435
1564418
1564695
1565144
1565660
1565743
1566486
1566815
1567308
1568008
1568009
1590413
1590761
1590839
1592286
1592306
1593169
1593424
1593919
1595446
1596611
1631240
1631567
1632207
1632372
1632501
1632595
1632637
1633654
1634109
1634126
1634675
1634981
1635066
1636572
1636583
1647898
1648499
1649922
1650766
1650947
1651084
1651385
1652100
1652933
1708858
1709074
1710545
1710696
1710899
1711045
1711762
1711763
1712382
1713045
1773757
1773955
1773987
1774029
1774211
1774486
1799842
1983760
49035
492686
494581
506698
511619
513986
514410
518302
521978
522646
524326
525481
528992
532719
535075
539226
539755
543341
543408
551102
552537
553570
555074
557109
557213
558243
558856
561246
561462
562521
563437
570733
573150
579207
583946
589462
591276
593073
596411
599407
602099
605751
609505
611908
616237
616723
617181
617249
620449
623296
624820
633261
635300
636254
636607
637068
637696
640560
647501
653052
655525
660305
660808
669394
674424
675267
676062
680557
682985
683407
684640
688506
691586
707224
711617
711919
712941
715856
726857
730858
731222
737941
746681
748287
751670
753660
753734
755860
766354
774569
787169
795772
796602
800376
802154
804113
804281
805476
805914
809706
815492
827553
829881
831911
833329
833873
838167
843346
848710
849953
865225
866844
872878
875437
875878
875891
875958
882044
885175
885849
888956
892641
893243
895291
89714
897758
897785
901609
902032
90316
905388
908417
909544
909797
912004
913957
915289
917565
917977
919229
924993
928243
930490
930870
932723
938424
941566
945882
952407
954500
958280
963776
964668
966014
967428
967887
969266
969944
972500
981991
982029
985442
991845
992324
992982
994814
995172
